optim_list=['E_0','k_0', 'Ru', 'Cdl','CdlE1','CdlE2','gamma', 'omega', 'phase', "alpha"]
GC4=[0.2635793726725546, 364.7989238768602, 1021.0238244450036, 3.0363727116286527e-05, 0.08782621837677285, -0.005242877276550928, 4.9655608890728476e-11, 8.940985893367184, 4.435612380766714, 0.8999999938839742]
GC4=[0.26288015123426456, 320.7968713423607, 1723.721941927419, 1.745626504482983e-05, 0.02968420385156545, -0.002387774382313329, 4.068721914552908e-11, 8.9409367169367, 4.534395175757447, 0.8999999954486573]
GC$=[0.2573355178285403, 312.5624777965582, 274.23347748997617, 6.768106753738938e-05, 0.08137258645553658, -0.002514762442646784, 2.7947288709948174e-10, 8.940945285937115, 1.4241157268066282, 0.10000000053526262]


Goldlarge1=[0.25232944862318973, 263.42908156444946, 1825.692980202597, 2.082535081952895e-05, 0.03297985220730304, -0.0021396232515451946, 6.376084551565709e-11, 8.94179460911816, 4.617548357325929, 0.8999999999999156]
GoldLarge1=[0.25360156470293804, 236.566675726949, 391.8859769238056, 9.6036504752463e-05, 0.013657045350019992, -0.0012364791824600319, 3.3747695495753295e-10, 8.941765849293523, 4.671014620067788, 0.8999999999693648]
GoldLarge1=[0.2550017769164492, 209.2537080950202, 944.9048143941739, 3.9158169091556675e-05, -0.0025805468159416645, -0.0005108893227864508, 1.5649301593293054e-10, 8.941740859882126, 4.7239659886368015, 0.8999999999999957]

optim_list=['E_0','k_0', 'Ru', 'Cdl','CdlE1','CdlE2', 'CdlE3','gamma', 'omega', 'phase', "alpha"]

GC4=[0.25114964078519464, 304.9509385064927, 395.74931261601984, 5.1681302403869844e-05, -0.027420617241311618, 0.011760690768983076, -0.0004752970380270394, 1.9367853467998368e-10, 8.94089920981547, 1.4225643636906966, 0.1000000000789231]


optim_list=['E_0','k_0', 'Ru', 'Cdl','CdlE1','gamma', 'omega', 'phase', "alpha"]
GoldLarge1=[0.2634471594256482, 182.46968143921333, 251.52483060070875, 9.948258528983337e-05, 0.021593193177659842, 6.486044409236416e-10, 8.941736782729983, 1.6346028726977888, 0.10000000000199746]
GoldLarge2=[0.26039781003762164, 166.631058358149, 567.8337430471373, 4.3204616818471545e-05, 0.024366813205182414, 3.1255819860958073e-10, 8.941659017734578, 1.6575003335360676, 0.10000000000002386]
GoldLarge3=[0.2584206501377829, 157.11505190360802, 2749.660863756472, 8.802056383466946e-06, 0.026489956471885456, 6.70238627793266e-11, 8.94154301432433, 1.6692873967481876, 0.10000000058720873]
GC4_2=[0.2568519753260954, 384.6885351368988, 724.4994785328084, 2.9476802894874582e-05, 0.022962092313146165, 1.0351489419094205e-10, 8.940907182492527, 1.4050637398962589, 0.10000000000006122]
GC4_1=[0.257740555023939, 357.3609131669447, 382.2055036116924, 5.440677575193328e-05, 0.026386317796860403, 1.9319598326712751e-10, 8.94098189688349, 1.406746302896052, 0.1000000005558953]
GC4_1=[0.2577409256040222, 357.41199962004214, 208.34836991645813, 9.981079168966267e-05, 0.02638451283800336, 3.544175619714202e-10, 8.940982084935797, 1.4067453971726527, 0.10000000009569851]
GC4_3=[0.25636968524906856, 393.3143126102424, 221.27196795533328, 9.809762640551237e-05, 0.021975801504555026, 3.453653918573443e-10, 8.940903530763926, 1.4078216880545553, 0.10000000000000066]



